01052500
01181000
01139800
01121000
01139000
01195100
01137500
01022500
01170100
01078000
01055000
01187300
01123000
04296000
01073000
01142500
01047000
01169000
01030500
01144000
01134500
01118300
01013500
01057000
01054200
01031500
01518862
01568000
01451800
01547700
01644000
01583500
01439500
02011460
01552500
01591400
01413500
01350080
01486000
01543500
02015700
01634500
01542810
01667500
02018000
01350140
01415000
01414500
01632000
01544500
01669000
01484100
01543000
01487000
01567500
01516500
01552000
01545600
01532000
01666500
01510000
01333000
02016000
01491000
01440000
01606500
02017500
01539000
01638480
01549500
01664000
01557500
01620500
01423000
01350000
01605500
02027500
01435000
01485500
01594950
01434025
01580000
01639500
02028500
01632900
02014000
01411300
01669520
01548500
01466500
01440400
01596500
01365000
02038850
01613050
02013000
01658500
02011400
01550000
01586610
02027000